    Operation  Vector Length  Workloads  Execution Time (seconds)  Throughput (tasks/sec)  Total Cycles
0   Classical            256      10000                  1.079900                4630.060  3.671660e+09
1   Classical            256      50000                  5.282710                4732.420  1.796120e+10
2   Classical            256     100000                 10.966100                4559.420  3.728470e+10
3   Classical            512      10000                  1.109510                4506.480  3.772340e+09
4   Classical            512      50000                  5.575120                4484.210  1.895540e+10
5   Classical            512     100000                 11.315100                4418.680  3.847150e+10
6   Classical           1024      10000                  1.158130                4316.440  3.937650e+09
7   Classical           1024      50000                  5.781560                4324.100  1.965730e+10
8   Classical           1024     100000                 11.815000                4231.740  4.017100e+10
9   Classical           2048      10000                  1.164900                4292.220  3.960650e+09
10  Classical           2048      50000                  5.919010                4223.510  2.012460e+10
11  Classical           2048     100000                 11.975400                4175.220  4.071640e+10
12  Karatsuba            256      10000                  0.531849                9399.290  1.808290e+09
13  Karatsuba            256      50000                  2.287160               10930.200  7.776340e+09
14  Karatsuba            256     100000                  1.340350               37300.000  4.557180e+09
15  Karatsuba            512      10000                  0.208677               23960.500  7.095020e+08
16  Karatsuba            512      50000                  0.943734               26486.300  3.208700e+09
17  Karatsuba            512     100000                  4.489030               11136.700  1.526270e+10
18  Karatsuba           1024      10000                  0.381971               13090.000  1.298700e+09
19  Karatsuba           1024      50000                  2.841490                8796.460  9.661050e+09
20  Karatsuba           1024     100000                  5.486550                9111.550  1.865430e+10
21  Karatsuba           2048      10000                  0.669718                7464.340  2.277040e+09
22  Karatsuba           2048      50000                  3.027290                8256.230  1.029280e+10
23  Karatsuba           2048     100000                  5.730580                8724.080  1.948400e+10